0 0.226038 0.647817 0.235672 0.130952
0 0.222579 0.934193 0.202075 0.120370
0 0.416996 0.928902 0.190711 0.136905
0 0.289032 0.799603 0.222332 0.160714
0 0.618330 0.921296 0.216897 0.157407
0 0.103508 0.864253 0.202075 0.200066
0 0.852520 0.931217 0.231719 0.120370
0 0.528162 0.795139 0.238142 0.124669
0 0.727767 0.801918 0.215415 0.147487
0 0.882658 0.752976 0.202075 0.136905
0 0.140563 0.523148 0.226779 0.160714
0 0.432559 0.674107 0.231719 0.123347
0 0.548172 0.586144 0.193182 0.139881
0 0.735672 0.614087 0.195652 0.132275
0 0.890810 0.635086 0.213439 0.108135
0 0.095603 0.408896 0.168478 0.106812
0 0.260870 0.441138 0.224308 0.126323
0 0.492095 0.459325 0.215415 0.099206
0 0.775198 0.508763 0.238142 0.125992
0 0.244071 0.315642 0.190711 0.109458
0 0.417984 0.262897 0.188735 0.148810
0 0.577569 0.351687 0.166008 0.130622
0 0.779644 0.256283 0.220356 0.174603
0 0.632411 0.115079 0.213439 0.165344
0 0.825593 0.113426 0.172925 0.117063
0 0.226038 0.063823 0.195158 0.120370
0 0.109190 0.273479 0.213439 0.121693
0 0.836709 0.390046 0.177372 0.092923
