0 0.519531 0.781944 0.096875 0.175000
0 0.189062 0.844444 0.092188 0.144444
0 0.310156 0.893056 0.093750 0.141667
0 0.507031 0.944444 0.118750 0.111111
0 0.662500 0.933333 0.139063 0.133333
0 0.318750 0.726389 0.132812 0.169444
0 0.417187 0.775000 0.085938 0.155556
0 0.567187 0.704167 0.067187 0.102778
0 0.646094 0.662500 0.056250 0.102778
0 0.456250 0.573611 0.048438 0.091667
0 0.513281 0.562500 0.062500 0.119444
0 0.573438 0.613889 0.070312 0.105556
0 0.588281 0.816667 0.065625 0.100000
0 0.650781 0.609722 0.068750 0.097222
0 0.728125 0.666667 0.064062 0.122222
